$GNVTG,,T,,M,0.290,N,0.538,K,A*38

$GNGGA,200535.00,2350.30808,N,09022.47643,E,1,11,0.92,28.4,M,-49.5,M,,*5F

$GNGSA,A,3,32,10,31,22,25,01,11,03,,,,,1.85,0.92,1.60*1B
$GNGSA,A,3,77,65,67,,,,,,,,,,1.85,0.92,1.60*1E
$GPGSV,3,1,12,01,22,287,41,03,07,321,24,10,41,140,19,11,10,265,26*7E
$GPGSV,3,2,12,14,49,023,,16,10,190,,18,08,141,,22,28,318,32*78
$GPGSV,3,3,12,25,25,051,15,26,36,174,,31,71,330,23,32,42,052,25*7B
$GLGSV,2,1,07,65,39,110,23,66,57,015,,67,16,330,32,75,09,028,*69
$GLGSV,2,2,07,76,67,012,,77,54,223,27,78,02,212,*5A

$GNGLL,2350.30808,N,09022.47643,E,200535.00,A,A*7A
$GNRMC,200536.00,A,2350.30815,N,09022.47640,E,0.222,,240716,,,A*6B
